532110709245497344
531967123363344385
531717636389093376
531412292253257729
530117127341363201
527430446716436481
526286115968679936
525811589501714432
525044880146321408
524051463967080450
521712933567348736
517317250161061888
513001937092886528
512335953667424256
508964598544748545
507639679941087232
506928690249625601
506582230698033152
503852611984846848
502240679566000128
499636065654042624
499541369665650688
493853878732226560
493660587004813312
490109503367806976
480588809017376769
480539658934165504
476816175855566848
470118403793907712
469120847102623744
466548706662416384
466394462210772992
461424485812273152
453457056733728768
451518172965789696
446208638114222080
444024716358352896
433301723021840384
425674148548198400
420682426872897536
419532292248178688
414498065551069184
405726288624640000
