471366682666364928
471261091277074432
471105194584199168
470349233535856640
470118403793907712
469923485410934784
469820894119215104
469120847102623744
468514461049839616
468069682449514496
467716730476052480
467634862619635712
467262503421227008
466618276148420608
466548706662416384
466394462210772992
465345755893350403
464809793136656384
464787093315928065
463748551755825153
463006848254476289
462432546920222720
462416275038552064
461424485812273152
461273893454757888
460121390088478720
459290775788851200
457497665262329856
457145275136897024
456872211899375616
456745958626193408
456439392962215938
455123958392967170
454231982575480832
454193502206054400
453736589349625856
453457056733728768
453273071290703874
451518172965789696
450992987901018112
450658838027710464
449675762380308480
449452677177815040
449220635508899840
448913034569089024
447839872418873344
447014267909181441
446208638114222080
445198859762147328
444775039066734592
444559065705099264
444381475740606464
444177712446713856
444024716358352896
443168008618659840
443112311109455873
435918013720965120
433931038926974977
433774161228349440
433395908802514944
433301723021840384
432283548641288192
431195642296549376
429876198748213248
428689324348297217
428219089308241920
427980194062663681
427858591669043200
427425094109896705
426697429636096000
425782725430091776
425687638813573120
425610369101344768
425285398332309504
424826674501681152
423963016703385600
423519103257944066
423436493919510528
423125435719753728
423006540656701440
422786162055315456
422401337066659840
422347280092389378
422219468358426624
422151650326110208
421777221876215808
421315687777189888
421056038239219712
421011587353169920
420725959457636353
420682426872897536
420663552400044032
420539570544197632
420325521105227776
420317073634775040
420301608212131840
420296557099896832
419953169846632448
419542089031249920
419532292248178688
419462837929406464
419247995499343872
418725537881022465
418500274375131136
416635355501039616
416295849652523008
416164862775918592
415938401888899072
415383466692186112
414783945721409536
414722414719676416
414711839017033728
414498065551069184
414472559132819456
414385818296270848
414361236722053120
414070869669838848
414019732061163520
413776919281143813
413037716054368256
412991370874191872
412465173794811904
412442779432652800
412223579804008449
411969246378201088
411010061893238784
410842051807563777
410507891569721344
410411575128768512
