472392991802675200
472384430473228288
472359041357053952
472356239503278081
472352591670968320
472160434972536832
472119466416164864
472060515657977856
472012821321228288
471976727519166464
471956726401740800
471952760838320128
471941621261807616
471884534678425600
471810979559661568
471796876216643584
471794762899808257
471778327603449856
471777018875752448
471769202618277888
471761854071861248
471755832150224896
471746422682173440
471732816850747392
471715680803622912
471706566937554944
471670327018541056
471630299743670272
471545186779426818
471449318764068864
471404253702262785
471379331324055552
471371757337993216
471370160730013699
471367625768181760
471366682666364928
471355474278096896
471351124469882882
471348917561745408
471337150387326976
471328825180430336
471327188009353216
471315133273501696
471312687365111808
471311043248267264
471308272423931904
471301874554245120
471295303858278400
471270271497043968
471269150317625344
471264911583375360
471263570458468356
471262093140697088
471261091277074432
471259481645797377
471241811403358208
471238112522166273
471227322209562625
471207064325603328
471105194584199168
471053166449287168
471049100520325121
471040665175212032
471037193340071936
471030638410465281
471008699394568193
471006683817586688
471004032245698560
470992578721361920
470965972619497472
470937780273811457
470925135260950528
470918763781836801
470907402288898048
470891606363897856
470866483518902272
470865876343066624
470854517119279104
470849830383026176
470822213117956097
470811100351827968
470796288427327488
470700206301147136
470685480749498368
470644784281817089
470583967935369216
470562440443211778
470553930423091201
470551945372266497
470548125288243200
470490573984759808
470477956133818368
470349233535856640
470349124588806144
470330462414856193
470323641809666048
470312868878245888
470258520743751681
470232318595334145
470214393574486016
470198909781147648
470193398574743552
470179385455415297
470170384051240961
470168068577296384
470166390771826688
470121045685727232
470118403793907712
470086892458110977
469989444087726081
469971736411504640
469970390425821184
469969480266035200
469965443411623936
469958065308323840
469951722161721344
469946236439896064
469941347294904320
469936533278302209
469923485410934784
469876091461828608
469852728295190528
469843523521744896
469841733204070400
469821484668841984
469820894119215104
469813177128325120
469810448892981248
469608048756289536
469553255383842816
469541020229984256
469537655882276864
469479935426699264
469465754795257856
469456516295426048
469437252494692352
469355861090267137
469252246245740544
469192388830048257
469181075047329792
469121991275192320
469121653235257345
469120847102623744
469084210419224576
469050881821138944
469050424037998592
469037789708034049
468888904687685634
468880634824626176
468868444705030145
468867000740380672
468866882356133888
468861607905624064
468857895153848320
468831333578731520
468793263626133504
468787837006266368
468787380888301568
468783458249375744
468775659192737792
468774981808431104
468772820827508737
468763096010338305
468762262027894784
468724765067603968
468723653304418304
468718758744576000
468716872465408000
468705378931179521
468620436750995456
468551778653315074
468535716394573825
468514461049839616
468467914434428929
468463602341773314
468420918436700160
468408729939898369
468396514558361600
468378456242151425
468376874289463296
468334335033356288
468321300222849024
468274863753269248
468173333742518272
468156899670896641
468141508408139776
468135342600888320
468069682449514496
468061602374119425
467983018863628288
467955198384963584
467955068625354752
467761041410359296
467759190946357249
467743768268251138
467731950921609216
467719834059685888
467716730476052480
467696265032392704
467693863667515392
467640427768975361
467634862619635712
467613152604340225
467558126116696065
467448317237280769
467431780925341696
467420916755206144
467415985956614144
467349672399736835
467313092247179264
467301868998508544
467286420663832576
467262503421227008
467109916113928192
467017356829818880
467016643017973760
466986566045675520
466951233883082752
466946419744854016
466894855567065088
466892891882004480
466874469102149632
466874278298677248
466710171339988992
466693307473879040
466679444498042880
466659545323143168
466652376947236864
466640785619058688
466639526623211520
466634103337398272
466624042406268929
466618276148420608
466578802454589440
466548706662416384
466533059635216385
466529817635332096
466489444582043648
466394462210772992
466356546084302848
466301455205670913
466287473262600192
466243565308628992
466207175564869632
466161867946086400
465956590982819840
465953320809795584
465879901271506945
465865493317160961
465818492092952576
465801188458647554
465786953854902272
465634371236417536
465625627249213440
465571552852189184
465562431046299649
465554710406373376
465476438368739328
465449046971547649
465416182032773120
465413553273700353
465410779198390272
465407620531388416
465345755893350403
465300789360353280
465274950291423232
465267878338764800
465267799594901505
465257009995341824
465251429574512641
465242597892829184
465239600437678081
465237882123599872
465234821782839296
465213543571542016
465189370660925441
465046479498137600
465015741373116416
464897345424224257
464893848343543808
464889201021181952
464881302500806656
464880969603108865
464857753077698560
464853262559379458
464851146369417216
464834246759432193
464809793136656384
464805485062135808
464794251768107008
464787093315928065
464785616115630080
464779973669429248
464773805626642432
464747344547037184
464737693495472128
464668602533416960
464636418674139136
464586564530888704
464553773181202433
464531598403465216
464526508628140032
464521530056409088
464503017640050688
464499760167419904
464416135883264000
464415055547990017
464378267068542976
464315025478651904
464292645922025472
464189810400575488
464140038255951874
464119397292834817
464106175588749312
464104849190449153
464103701784039424
464096397005176832
464061058525966336
464023790515523584
464016523963559937
463963029127061504
463901859816550400
463824804160610304
463815966221017088
463797710043095040
463796586842050561
463786571930415105
463786071327645698
463781443919822848
463778084714737664
463769651865198592
463748551755825153
463678403519184896
463612402719027200
463475221555859457
463418480101171200
463413568436985856
463412703814774787
463402045845041152
463367634936164354
463343969439473664
463253986175627264
463247235388821504
463227640892383232
463223734791573504
463120797356535808
463061946548645888
463055353819975680
463015254860238848
463006848254476289
463004117573844992
462937084811284480
462860294251765761
462719927322148864
462719786376765440
462715174521417728
462655014297927680
462611815462346752
462584522433765376
462550239183110144
462538808224137216
462432546920222720
462416275038552064
462370779037192192
462359656472801280
462359587941654528
462342853700911104
462339944514850816
462280628239876096
462222834958606336
462029912308998144
462015339015184384
462009744195350528
462007374967238656
462000617053892608
461968403398676480
461957782363971584
461846112971001856
461810392134873088
461618165949403136
461549268642566144
461501011107258368
461424485812273152
461418356533624833
461392173532196864
461286382326267904
461273893454757888
461251496248479744
461236113898610688
461176571886600192
461170662892392448
460918188323393536
460910178041614336
460788165666959360
460779401249312768
460776535130398720
460767345565511680
460714371342426112
460709610157244416
460707436882821120
460566742402891776
460561306991345666
460559163773693952
460466500537966592
460389668107071488
460380941651693569
460236947311833088
460232606034821122
460158050020884480
460141881750745088
460131229988560896
460121390088478720
460075618261282816
460041663659143168
460041582872657920
460032940978995200
460021240258777089
460011350782390272
459845696745906176
459769529619722240
459761772065726464
459750807164817408
459749442762330112
459748903815229440
459723840843952128
459705008104013828
459690510618460160
459625968089300992
459625364210216961
459625084441731072
459623686949961728
459623564161724416
459444900728025088
459423339757699072
459363348963139584
459340877396443136
459337634171858944
459332094540656642
459313710109306880
459303463080697856
459301687207796736
459301184088440832
459297773087907840
459290775788851200
459284316246142978
459278920517705728
459236382662463489
459176359781486592
459119780218568704
459112550660321280
459090331154538496
459047797992742912
459014433973747712
459004849716494336
458927367218819072
458905606628581376
458902335092449280
458887607628222464
458873112159731715
458781205773574144
458764349474353152
458757547529613312
458728414828978176
458724285373493248
458714340447633408
458708521127653377
458675011600252930
458654685189386241
458627686353895424
458571188160442368
458508931300880384
458485740322947072
458325650659876866
458293001824251904
458292135645941760
458231372885544960
458209254307274752
458138159461990400
458042289567571968
458000328865382400
457988339006996480
457929376458629120
457905907343835136
457892409683476481
457882191444205568
457849720161845248
457836216290144256
457831284048670720
457811968846749696
457804498850021376
457786462747234304
457766074852061185
457691770013646848
457662438641774593
457662223134244864
457657649207967744
457618726201085953
457521251838619648
457497665262329856
457321560735760384
457320615826173952
457280202670747648
457278112150339584
457277165458178048
457247119381135360
457239212895772672
457198183878508545
457184997485862913
457159159604338688
457158865252286464
457145275136897024
456900570876755968
456882873509752832
456872211899375616
456843801269899264
456826354999128064
456820293088980994
456802301772959744
456798764096061440
456761167202226176
456745958626193408
456734312373563392
456726601472802816
456676824475369472
456639614917148673
456535066596737024
456456621494120448
456446226485874689
456439392962215938
456430855888449536
456423806857273345
456422082524368896
456381577006559232
456377733073731585
456343895463321600
456341331086819328
456241428780572672
456227935796490240
456202100910063616
456196108717281280
456188593460215808
456172292897112064
456147972959399936
456130806520770561
456018025716539394
455999357687709696
455981221596499968
455977397414678528
455885935109222400
455816765302657024
455781228646793216
455759935255498752
455736588257857536
455689106337828864
455477024925442048
455475582239649792
455435121857134593
455405059581706240
455370470611628032
455363858182713345
455354995622559744
455311405218951169
455292262063542272
455289725973430272
455260138144669696
455241475841069057
455240827565268992
455225311744237569
455219805994631168
455127580132126720
455123958392967170
455111478342066176
455107239075131392
455105845542797312
455105200634998784
455078436995072000
455076176672079872
455071217272487937
455045505165561857
455012524354994176
454996117940633600
454921282489167872
454739395267276801
454732976497377280
454731762191839232
454725651761995776
454715534517760000
454713829965176832
454691552892174336
454687117546123264
454679936285302784
454665404179546112
454659043576279041
454650379159228416
454648815254249472
454647974812192768
454622569564741632
454620237498187776
454615699227693056
454610218190897152
454580158901805056
454528269690617856
454509764480098304
454501038973001728
454307277529681920
454306514749386752
454289673373089792
454267580698857472
454264263071522816
454231982575480832
454220007824957440
454200583428513792
454193502206054400
454075643433877504
454031210931814400
453998408689524737
453990253066727425
453951311864946688
453951264372428800
453941161267564544
453931426313175040
453922499609497600
453876035986399232
453848804735737856
453752988692017152
453736589349625856
453699585731743744
453671071955173376
453649484996567041
453627804215939072
453623064190676992
453607270254116864
453604606090551296
453602903283232768
453580430579490816
453579316874723328
453565536543440896
453508174147231744
453457056733728768
453299178463297537
453294739023200256
453283407624429568
453277169125318657
453273071290703874
453145685282394112
452922124781752320
452914595531739137
452898819202908160
452845690633596928
452823645845721088
452817710091894785
452772903059091457
452768262153990144
452762932062195712
452756275110367233
452744483612794880
452716765609721857
452580454026448896
452570909883531264
452562090533064705
452560696811986944
452520466020724736
452464557425188864
452432448497135616
452405726481502208
452378827252326400
452272917397909504
452251344792195072
452198407189577728
452121354675191808
452098302667145217
452064029713133568
452051451578417152
452006758035513344
451981270281912320
451863732726284288
451834418865643520
451810736965033985
451810386581667840
451740232862662657
451706426835349505
451645489642242048
451626096232906752
451563883166060545
451518172965789696
451473885649960960
451449725427142656
451258453919817728
451141731262926848
451129844957741057
451112441292677120
451077761487343616
451057667319296000
450999689387982848
450992987901018112
450989887869952000
450976962723717120
450947684074283009
450920553910915073
450905465585954816
450743370877779969
450719903352651776
450703493423452160
450692054470103040
450691148240416768
450658838027710464
450441487575441408
450324014192267264
450216055160729600
450211213876940800
450163021046763520
450075115179741185
450027730453929984
450020797844029441
450007877819052032
449978848277692417
449967132806488064
449935012750970880
449909830401409025
449845361260392448
449843587195629568
449803176527810560
449694673901473794
449675762380308480
449668771528339456
449660446594043906
449655890237751298
449654881734111232
449630286956208128
449609730848489472
449590386173149184
449572832448892928
449564629879246848
449545240702382080
449532300817362944
449502015404912641
449478973094100992
449474096414588929
449471054172667905
449466672924327936
449452677177815040
449425739600125952
449311102812577792
449304922232614912
449267516125491200
449264606385430529
449250611994054656
449220635508899840
449167975258804224
449166369884733440
449080286790574080
449078808545878016
449070284415725568
448974686664527872
448974141161742337
448952228783878144
448939497129254913
448930960571375617
448919209381486592
448917395709890560
448913034569089024
448912659682197504
448908995252977664
448902231518380032
448901977691668480
448897178845855744
448895788140462081
448798917145423872
448787685990481920
448711727346376704
448612073648701440
448536223175696384
448535620286435328
448485504170745857
448414922481729537
448366005002465280
448318280294752256
448280540341633024
448270271301320704
448250998566703104
448229150500081664
448214624073433089
448165410580725760
448163256004145152
448143917679394817
448125805785542656
448118961138171905
448115019633680385
448064231917617152
448056303135760385
448035430605524992
448024345949257728
448023085854105600
447994113942507520
447976150758096896
447846941167472640
447839872418873344
447838246060691456
447774507340533760
447768627757199360
447767366878101504
447763045092425729
447760721930383361
447757909355950080
447757536188727296
447754188156850176
447739364727332864
447735199938670592
447734329813508096
447715259646619648
447698995100811264
447694178588581888
447689128214528000
447688948098142209
447687993709834240
447682625113976833
447673871895126016
447666340963573760
447666291051364352
447648807057375232
447634665818832896
447491732545232896
447487586844434432
447483123979153408
447482878159360000
447453948300234753
447435034610655234
447429285670682625
447282131535159296
447184953546403842
447142680792170496
447131781922160641
447129685735243776
447117086335455232
447112156819886080
447109941313417216
447093574199697409
447093006265761792
447072898482987008
447060223124307968
447014267909181441
447008634514329600
446987795790565376
446982936962019328
446975427547246593
446969978370027520
446938786241716224
446938021779099648
446861608175022080
446806678718009344
446803843313967104
446766514079690752
446711249980907520
446709004191166464
446693961990934528
446681696772292609
446649089296699392
446597030102982656
446595345313976320
446563408700534784
446438868444020736
446407743352500224
446346175621627905
446313466828423168
446210695324237824
446208638114222080
446185666951794688
446169407073423360
446110328418349056
446059171465949184
446043847823736832
446033225962762243
445981795423907841
445951641901334528
445845524605059073
445805911282819072
445714608503152640
445682525542039555
445661819974066176
445568322747502592
445540567662198784
445515495844757504
445507337751891968
445485359229829120
445454562569486336
445319649040035840
445317571706114048
445311043427135488
445295726470647808
445259167222484992
445250307636072448
445240610329731074
445207409611771904
445198859762147328
445194090041597954
445183211669159936
445163556645134336
445160970277900288
445157418477965312
445118756713693184
444931436827516929
444922485960884224
444914691429908480
444888021255856128
444865344881295360
444861755781816320
444861494350856192
444859172220592129
444836193554157568
444829188697374720
444780511857102848
444779289020735488
444775039066734592
444740321667457024
444645084810575873
444592498737184768
444586459757305857
444579646160797696
444577374118895616
444571171049463808
444570033143173120
444559065705099264
444547241769193472
444472503726268416
444468168296521729
444452753323335681
444449406784253952
444447926463758336
444427192156848128
444425536644087808
444396855162855424
444395177449648129
444381475740606464
444248521181761536
444233094493929473
444191638337118208
444177712446713856
444169920809406465
444159426576928768
444122847938887680
444087901958447105
444024716358352896
443908325877751808
443875806352531456
443867779117383680
443846395381178369
443835775981871104
443783625411424256
443719326244569088
443716096655622144
443715951830523904
443667393512894464
443530472661200896
443491484575473665
443479834849984512
443461358194278400
443442501379055616
443419463317467136
443390694875725824
443384116424495104
443379500097613824
443373047337078784
443351512132354048
443350222039560192
443341223185907712
443302650390380544
443299969336762368
443279812648796160
443275134359830529
443272873634172928
443265671208509441
443215506150285312
443196444942807040
443185167596015616
443183691565916161
443168008618659840
443151268140576769
443135166803087360
443128642009198592
443112311109455873
443076048931274752
443073239871668224
442995455035990016
442953120839000064
442949873110089728
442938558652108800
442920588001415169
442808625464360960
442801743110606848
442778784841105408
442777754111848448
442777002555502592
442744233007796225
442721755636195328
442721135931961346
442686263775473664
442683982048940032
442683683934584834
442597370162085888
442569753190617088
442419495869890561
442397413995970561
442365670953848832
442365659163283456
442322936998162432
442277242966904832
442271077029253121
442171062479257601
442086987760029696
442034384573431808
441631287749910528
441625377388384256
441381650954715136
441380765457469440
441357753571762177
441268215407079425
441209049715982336
441195835737788416
441137256355475456
441132373603012608
441063978199162880
441060584977858560
440919558157647872
440874870898163712
440778182057136128
440701254105174016
440674224424751104
440587576777252864
440502994984239104
440322224407314432
440123419682955265
439924328004857856
439876232487141376
439735915309957120
439733768090570752
439519083953131520
439477978482094080
439463766699573248
439462090001375232
439451690610475008
439328392735772672
439301137649659905
439047257191485440
439037285208961024
438875435481706496
438842596639928320
438807039188692992
438430004251463680
438405536556396544
438338624174952448
438309562777894912
438300390942326784
438290198762242048
438285348347867136
438279503857856512
438248714369388544
438219135185850369
438098002386092032
438095154730123264
437964933800538112
437679836925267969
437656135315648512
437614946050797568
437341166401355776
437335702444208129
436980320253280257
436979800881000448
436970212689461248
436964371051581440
436964128188813312
436805390643519488
436263247680131072
436258041508671488
436085903451115520
435918013720965120
434928059305582592
434796925515489280
434720513458733056
434718754581536768
434718163931267072
434482293134995456
434085620877512704
434082033317330944
434063578178797568
434060746109222913
433931038926974977
433893301368799232
433783647707992064
433774161228349440
433744871036170241
433411772381274112
433402386271326208
433395908802514944
433357121833279488
433301723021840384
433061450635296768
433060083790921729
433004811424780288
432989155657003009
432955091083988992
432929572976590848
432928586878550016
432922076186677248
432658127277019136
432637448728743936
432617496802115585
432559977257906176
432555312483434496
432535241442340864
432521807573176320
432428061188161536
432283548641288192
432210281519800320
432199691577864192
431963703127207936
431926292011692032
431923164462198784
431912308907196417
431896581831262208
431818309445492736
431709961165361152
431701401321086976
431650511495110657
431600267545419776
431568449563660288
431562266958647296
431555407178649600
431550976567160832
431540307122196480
431469969185177600
431429630038269953
431408412987908096
431396281039458304
431367453097349120
431362555915677696
431356993807605760
431299114899210241
431195642296549376
430849682823454720
430786715494940672
430662946188840960
430527521453797376
430468437237063680
430456559890464768
430351197196009472
430007812769710080
429961125543673856
429876198748213248
429791686051786752
429674430906658817
429642498659471360
429553671815561217
429246984617476096
429010810090684416
428913100222644224
428816742270664704
428689324348297217
428684533194428418
428497933773066240
428350861358940160
428328821801353216
428285346212626432
428223806503911424
428219089308241920
428218336791764992
428103980259241984
428090391406313472
427980194062663681
427878381271543808
427872710577106945
427865130232451072
427858591669043200
427853275459624961
427847929231982592
427820028470505472
427812427561201664
427779157188042752
427763703346630656
427565150057422849
427565024643915776
427547583540908033
427501846388015104
427496557907152896
427495792690360320
427493718934179840
427478542801461249
427425094109896705
427397726826143744
427397392422297600
427349531286855680
427335643794907136
427244096072482816
427202396159082496
427197272439263232
427179038655135744
427174872490725376
427165794972487680
427163987315523585
427163048634118144
427161020851683328
427159673079201792
427134183589171200
427115656572465152
427101975457853440
427101633252982784
427099357025153024
427098948092710912
427075457688023040
427071088380477441
427049317552361472
427041682861748224
426992686373933056
426990524030271488
426919431302692864
426910044337483776
426899518098243584
426886978182078464
426864696436600832
426862883117334529
426856314489171968
426837437319364608
426820337498468352
426818282608685056
426791616570220545
426787226916093952
426768979542040576
426768244070817792
426751424836280320
426749990162432000
426735751473025024
426727345253523457
426697429636096000
426666938446909440
426628273221943296
426564587094573056
426493996538810368
426384108793888770
426171215552987136
426122638201589760
426092897260560384
426060538427490307
426038976919506944
426010116497084416
426000425708716032
425952250289082368
425907665689391104
425888428404641792
425792321293021184
425782725430091776
425781653764464640
425720418994241536
425716890888314882
425687638813573120
425674148548198400
425662828545318913
425645735908896769
425613825476677632
425610369101344768
425433241450192896
425409478171709440
425401796664651777
425397812772098049
425383660598996992
425376223712522240
425285398332309504
425277133414350850
425091546900623360
425066069636550656
425060000994574336
425038682878664705
425020165768888320
425009862452314112
425007095092477952
424989872927936512
424980089286426624
424950629942194176
424929411549626368
424919214252511233
424905794841505792
424875135837822976
424855305248190464
424842432698916864
424835650215370752
424826674501681152
424731305168089090
424730733207236608
424730627837931520
424697912363188224
424660407295303680
424655873911173121
424612722739658752
424598241200447488
424459847535296512
424306391184965632
424263482179985409
424258511682674688
424253142188818432
424198750878195712
423963016703385600
423920337672081408
423857279575003137
423846310458847233
423841006316843008
423840209063903232
423836401193725952
423834838630924288
423823581546430465
423816630238322688
423811455646183424
423806299097550848
423802467139465216
423759237441789952
423625946760216576
423616346501296128
423607745578033152
423603584798711808
423594506798518272
423589939763089408
423584716315688961
423582533016891393
423575466935455744
423571907578167296
423552673435353088
423545552173686786
423519763734601728
423519103257944066
423504894654685185
423502964469157888
423493669677563904
423493194945662976
423481084060639232
423478276644814848
423475637589139456
423471169799348224
423462382602833921
423461732053712896
423460646508711937
423456599257001984
423455941250404353
423448228139253761
423447777088401409
423444443321352192
423442424703107072
423439592050548738
423436493919510528
423412740061798402
423406748033359872
423405313287413761
423403642096345090
423401531694526464
423397318784610304
423298722106458112
423276451535020032
423268418188759040
423232071684067328
423229430303952896
423204416435789826
423198744113586176
423157094737788928
423144464115593217
423142229654638592
423141843841605632
423133144150470657
423132669581357056
423127434557288448
423127010945142784
423125435719753728
423117189122506752
423115073134264320
423106766944362496
423102173677776896
423070639277084672
423052534992084992
423032811373621248
423006540656701440
422941827847569408
422839221100240896
422791842540044289
422786162055315456
422756985487261696
422728477398560769
422675945070542848
422669668143603712
422566060642926593
422551148193542145
422542373529604096
422534548748914688
422527348043288576
422524864495230976
422498067146096640
422488057376288768
422470839036948480
422425635558916096
422410856287059968
422410012225314816
422403097345155072
422401337066659840
422399873950834688
422398072736317440
422390546070781954
422366573873999872
422347280092389378
422347169673138176
422338745019666432
422294309292228608
422292473696641024
422284857503662081
422219468358426624
422169882721914882
422161439025946624
422160931679141888
422151650326110208
422144336705245184
422120646986829824
422113406628679680
422107575732424704
422102080514293760
422101305344012288
422089190822510593
422058040586956800
422000436149633024
421965676912574464
421952651295989760
421929865986981888
421823598865559552
421785197571342337
421777221876215808
421765904586665984
421760281111298048
421721448429150208
421715233447477248
421706865442299905
421703091201667072
421695704554569728
421678973341274112
421643122519851008
421621239955091456
421612842492919808
421567442834694144
421552284942999552
421472253721600000
421432077037613056
421424611897905152
421400815967162368
421363409259868160
421333462508122112
421315687777189888
421299070830125057
421270689593978880
421238985503936512
421235293220790272
421228655809818624
421220157441445888
421178252879618048
421056038239219712
421050927420686336
421044066974191616
421038650495741952
421032999832932352
421025645510938625
421017850833539073
421011587353169920
421003471815327744
421003437090684928
421003375765766145
421003302856163328
421003230642831360
421003146756759552
421003054184288256
421002860944318464
420985770611326976
420952059727581184
420946189463588864
420934107233673216
420931495071862784
420918005732634624
420870691391414272
420827592355102720
420763044244107264
420727501141192704
420725959457636353
420725364084592640
420697322671316992
420682426872897536
420669665543999488
420667477195255808
420663552400044032
420661074631749632
420655368914866178
420653348631900160
420651420325404673
420611534553763841
420596425282822144
420588133218910208
420571263942148096
420558595756154880
420552420960526336
420545654000078848
420539570544197632
420536704093544448
420530922765549569
420512641954885632
420434497771823104
420351772734271488
420325521105227776
420319627726450688
420317073634775040
420315563869478913
420309425816363009
420301608212131840
420299990787833856
420299807820115970
420296557099896832
420278762677501952
420276630402400256
420270912379060224
420256650126057472
420228745606090752
420200865035980800
420185424703680512
420178662651330560
420164436406841344
420148280505688064
420133594787762176
420009801628667904
419962471621746688
419953169846632448
419950860903653376
419938270059823104
419891723506941952
419834948372422656
419806705422049280
419789078196781056
419740211170799616
419554478480965632
419544877202817027
419542089031249920
419535520759574528
419532292248178688
419528216009650176
419462837929406464
419438375373127680
419298161702993920
419247995499343872
419232852534755328
419173079353274368
419116384325357569
419105370129199104
419045726304628736
418940323344420864
418838182663176192
418834295562985472
418833878531313664
418833631985926144
418819424582242304
418810967154118656
418759728513032192
418759349368934400
418751032811065345
418725537881022465
418686715482877952
418673222389755904
418623140886237185
418607887767064576
418541420329193473
418520423500763137
418502600691298304
418500274375131136
418494505500028928
418148159731544064
418121673309949952
418103252610449408
418098412509081600
418087589015732225
417967066944401408
417952168675926017
417810957562155010
417794963837972480
417759970549972992
417753226675748864
417733226506223616
417702496178429953
417702061732790272
417646676514328576
417638704530718722
417592673714077696
417453648122101760
417446355129225216
417433390229372928
417399329146408960
417389101306740736
417371014868525056
417368111621632000
417365097213100032
417329115759247360
417328459585572865
417327025654087680
417326846766628864
417287575314116609
417285096698544128
417284748181245952
417281756165726208
417276648057475072
417273290499960832
417270899268927488
417023995716722688
417001226166108160
416962910875688960
416939407220801536
416705102146052096
416704629720612864
416701595011653632
416682401805656064
416638004066013184
416635355501039616
416614936060899328
416597241172750337
416577161491783680
416557169858056192
416556971228418048
416553286485831680
416538767885737986
416528525831585792
416525595237834753
416377111059136513
416349995822903296
416339247038095361
416339138837639168
416339022466650112
416330829963337728
416330194035544064
416323589378670592
416315781891489792
416304335153139713
416296156323655680
416295849652523008
416293961980850176
416289817828556800
416285225228845057
416277319553011714
416265275718533120
416250583516200960
416233026792591360
416200067251326976
416192579898966016
416190240148443136
416177968159797248
416171035885465600
416164862775918592
416159046962786304
416158442789687296
416150529409318912
416144599250264064
416141984693108736
416136663052877824
416128497581424640
416126678113746944
416118194756022272
416027899335307264
416010555594645504
415990865078022144
415967566457085952
415957263333867520
415938689865220096
415938499032793088
415938401888899072
415933077248950273
415933004746203137
415927021349658624
415925275185008640
415916029450416128
415913313927979008
415912330300784641
415904623665618944
415902760304115712
415901004140662784
415898619758120960
415869700137304064
415866595421192192
415865839649558528
415862779019399168
415806559457800192
415802972984320000
415795538257117184
415785756578172929
415776946065518592
415776031426224128
415740468560134144
415702400234561536
415629059821813760
415618365496262656
415618001564868608
415615697814061056
415595076153143296
415591934900465664
415580141730152450
415563513273536512
415548367075549184
415542338443022337
415534840835223552
415527537754644480
415502767051251712
415481027185102848
415478682929491968
415478163708182528
415477593861652481
415468136083632128
415462345935044608
415456791682490368
415454319010279424
415445297221742593
415431972098289665
415418665039704064
415402782774919168
415383466692186112
415318593933692930
415285710900719616
415284122324447232
415283934193528832
415264593062412288
415260996367028225
415257139188215808
415228550837317632
415219239771848705
415203912463839232
415189621560315905
415187554779283456
415186618698321920
415178389587116032
415143269928955905
415095253096337408
415094324922052608
415092819628654593
415092114650066945
415090911383916544
415079356529004544
415059270653050880
415037662089998336
415036872294146048
415016713353035776
414923346657030146
414896014890635264
414894609043451904
414869256044421120
414865656132022272
414863982676025345
414863851859894273
414862434386460672
414850769800540160
414845497795289088
414839670988500992
414834796792012800
414828349693767681
414827240002551808
414815207542640640
414810054081384448
414788575838736384
414783945721409536
414769682554429441
414768767218905088
414749588198031360
414748869663424512
414742083954835456
414737363332767744
414731033481711617
414728833388916736
414724335350202369
414722414719676416
414719466938073090
414715306125168640
414713944792526849
414711839017033728
414710097873338368
414701516016992256
414698811756261376
414694837162889216
414580354096578560
414525454045827072
414522357496025088
414522202512293888
414514746076196865
414498065551069184
414493024274882560
414472559132819456
414462679441743872
414392395762237440
414385818296270848
414373020912717824
414361236722053120
414350259561984001
414338628593004545
414190071357534210
414184792511352832
414177089202315264
414152765049278464
414146185314578432
414140461121421312
414070869669838848
414034872978522113
414019732061163520
413967549500751872
413837052976054272
413809880189767680
413808353916104704
413793663374733312
413787084831600640
413776919281143813
413768843564048384
413748518789349376
413734769113829376
413732352720785408
413673898991824896
413657077366923264
413438458351202304
413364747925749760
413361797685841920
413119284433256448
413071812977639424
413037716054368256
413029468056215552
413025657816629248
413016224637792256
413002967462080512
412991836379418625
412991370874191872
412989131141427200
412951189844533248
412896718854705154
412696178011410432
412639514939899904
412624415445098496
412534596270424064
412465173794811904
412451844179243008
412442779432652800
412314874279370752
412281281867960320
412265807067246595
412223579804008449
412004397942464513
411997053166694401
411975979678965760
411969246378201088
411960335147343872
411943224459018240
411901055643828224
411691097887211520
411654350121881601
411616758160572416
411574507657113603
411542333768073216
411396075665494016
411276478488125440
411260012733169664
411254543302004736
411253073848586240
411248429701296128
411240195904634880
411224440161464320
411209018028601344
411190032133681152
411178501514215424
411138551619653633
411095548691623937
411035745433178112
411032034149015552
411010061893238784
410910346254483456
410889385823830016
410882697163055104
410868037705666560
410842051807563777
410841183699881985
410823364819697664
410782815039782913
410741411789934592
410646715424067584
410540468699541504
410538945202880512
410527459629477888
410507891569721344
410499341640810496
410489822902779904
410475145397297153
410433669828841472
410433215124353024
410417657578414080
410411575128768512
410411031933239296
410318629679685632
410310020904259584
410304157858267137
410193139924992000
410177109269958656
410138156483485696
410120690696994816
410120282066935808
410106845336829952
410089490779095040
410029897227468800
410004155676512256
409989656361832448
409953205733576704
409839306820579328
409805160806760448
409803879279108096
409799394527936512
409725162913665024
409689580594794496
409634716208623617
409458988887990273
409430932941045761
409375854519914496
409304702166134784
409271170186629120
409112283751538688
409077781461745664
409063765129572352
409056645776691200
409054212904210433
409024982161698816
408936757745700865
408913645465513984
408906034040668161
408905491100618752
408777969017323520
408643069920440320
408575389800218627
408350151380836352
408345719376850945
408343406495027202
408330624219766784
408272693536903168
408002566329356288
408001523482783744
407971186573070337
407944573949075457
407939818195136512
407920752835694592
407872851383832577
407648726053036032
407630846745907200
407621157895278592
407604537319383040
407604449134116865
407603033896652800
407584152284717056
407577183348334592
407576940196155392
407576839935107072
407576665536348160
407568830848720896
407544025001234433
407516302992244736
407465339895943168
407458826535698432
407281231043121152
407266787965685760
407259886368481280
407243801829179392
407239967392665600
407233941884928000
407210787074494464
406892792451846144
406739392758165504
406562300955348993
406552918020460544
406509502155202560
406422114565369856
406416885035454465
406405077130563585
406404311208325120
406400119320637440
406395003758329856
406370551469719552
406344637818085376
406339335437303808
406223386168147968
406190373254733824
406147190755561473
406124524527423488
406124430642143232
406117037497282560
406086371279794176
406081769067515904
406081391915319297
406033039299313666
405949476889571328
405924096845688832
405803850424385536
405773968633634816
405754730884136960
405746932825346049
405734175476445185
405732797442449408
405731294740373504
405729735436562433
405726288624640000
405725839675129856
405712625817763840
405704517486141440
405680360005959680
405670484236181504
405622336742633472
405618825787604992
405608200218480641
405594891364737024
405450300271493121
405425204689522689
405424784692883456
405424348229402624
405415701680095232
405407207636074498
405387541270241280
405378290866610176
405301996397154304
405275874808700928
405262961364582400
405261938432557056
405226714789605376
405214341835681793
405122128585846784
405099214075879424
405097904324362240
405095902781521920
405091170633912322
405090327863652352
405078444800614400
405068233591365632
405062907047981056
405060022666665984
405057464027983872
405050704110551040
405036866950270976
405036449344782336
405036350295916544
405035084039741440
405034209309249537
405027907564613632
405022697820012544
405021453365821440
405019990966800384
405012191281037313
405011436168302592
404937970408759296
404937681719013376
404937288544555008
404936629334573056
404929208524472320
404903990548119552
404886492184469504
404871038049079296
404749885334757376
404747793006223360
404746237850959872
404695353993474048
404682867596210176
404682574213050368
404637865323134976
404409578353217536
404386108814815232
404384969767665664
404379053378908161
403885045670109184
403635159171227649
403621345855954944
403556837032603648
403330920008011777
403269913412120576
402862596518588416
402813524000247809
402582228993314816
402530408694558720
402134705660645377
401876707994394625
401694403246309377
401489603732852736
401452801894912000
401430760311115776
401402193808334848
401396316141400064
401302171628498945
401136270249693184
401080035567992833
401071180322316288
400805015704862720
400735000380715008
400646896349638657
400608119203454976
400276292421287936
400194799161987072
400032723974123520
400001034241990656
399997044825145344
399948945310621696
399653843530555392
399653615846948864
399583140345163776
399481952702828544
399296701586214912
399280846748016641
399254667789479937
399159758101708800
398942227671445504
398778625329090560
398575787122515968
398387896883093504
398180775440285696
398170716383608832
398063245648355328
398061479498244097
398060878660001792
398052289245491200
397828924073201665
397765737546141696
397440663098122240
397398207996502018
397384520829521920
397288473809260546
396928553108787200
396661917952921600
396422910367125505
396410988993339392
396355719147974656
396330395077054464
396289690216968192
396277177001332736
396271574329737216
396243487253073920
395545322056736768
395539857751416832
392753685089894400
392335095148707840
391979416256929793
391649505499557888
390180377715032064
390157910543593472
390155616552886273
389543409213394944
389131546935828480
385786434528874496
383409064803184641
382143209939283968
380494428667793408
378155275741433856
377311031141617664
376495426767056896
374584307165048832
373425187078680577
370712988363157504
370640095415517184
370508326905577472
369747878505639936
369581669335855104
369479881324650496
368408905136619520
368158734872481792
367775402262949890
366343197972119552
365900843477778434
365105949003878401
365092696211210240
364813175004221440
364424404941279232
363040687391899648
362776773785686017
362362207004147712
361230385046228992
361092740420878336
360915035603759104
360822005177647107
360787433081683968
359920792114434049
359402853376331778
358498581944090624
357791879108116480
357152912046166019
356606644412616704
356221105733775364
356172176816214016
355328957144510465
354218048435134464
352788063958745090
350722569885843459
350648441086545920
350579243891175426
349499190373646336
346189384091054080
340264609019744256
330459888444665858
329612052647788546
323494009299406848
323483788422303744
323232580327591936
323061260352622593
322813250578305025
322647377896960001
321612395090952192
321532159078842368
321309362587062272
320224131545169920
320131302399565825
319929409391955968
319148850663284736
314853326133022721
312694689872621568
311585444599037954
309017892266078208
303647034534150145
296300580874383360
291816687983026176
290718771050577920
290714785434198016
290363076535009280
278481486099918848
272867092590653440
271278335219343361
258941772330319873
258191254167363585
258159134581612544
257577679879020544
256530791067168768
254206739648507906
250624806280630272
247047659670605824
243095779676397568
240979953947123712
237436626941390849
236530713804034049
235230347208568832
232989950625316865
232983536116854784
232552418733350913
232290307029491712
232259701260292097
232154970567356416
232154699581771776
230597190987419650
226079290972860416
216901011518930944
216813865718124544
216587902178697217
214600448374620162
197362742867410945
191169100247089152
177174527137161216
170961221045071873
166494948047331329
162147532984684544
161985481444311040
156215009196777472
155079714598428673
152062320514834432
149448569768775680
146884089465675776
145631014394396672
144039451625140224
143804145122545664
142207432918183936
141933887117996032
141889109969993728
141654522186575872
141244705550770176
120656221077372928
44476052222906368
