642941289676320768
640751392957820928
639633990908047364
639172173022818304
638802313067503616
638678190832111616
638322333237641220
638305304283873280
638284994176266240
638109973910802432
637937771122946048
637919137105334272
637318208207372288
637317810138558464
636301432564633600
636141307384176641
635852144378310656
635248269858222080
634900793058066433
634547730271064064
634075843501916161
633980302369660928
633820756389011456
633386075793309696
633158150988894208
631940255273238528
631470375998767104
631278936589139969
631235113351823360
631231419034009600
630893414821724161
630679929269690368
630650852781477888
630486419962789888
630478796404191232
630350820093997056
630292141391126528
630020195508039680
629290206928220160
629240460574347264
629087023811403776
629060550455111680
628966340230008832
628944827074408448
628806532071751681
628669957480517632
628361660923822080
628101962517643264
627886979947057152
627860295554322432
627109744193441792
627097543361605632
626870135869960192
626808774658007040
626798990458232832
626788273843752960
626751512757141504
626133813048016896
625820942367879169
625759751306092544
625734620420677632
625694319438131200
625677195663511552
625370970694533120
624960914131972096
624934375252172800
624906998858051584
624330145805963264
624320424302612480
624026144879177728
623895103636115457
623389952257032192
623311767104425984
623294343588265988
623256175094722560
623250761632337920
622813946676953089
622532390599159810
622342831370338304
622234361971216384
621493848808783873
621460976018325504
621422221291032576
621391192916279296
621335302393753600
621311134977683456
621279307772596224
621193157762486272
621079756390432768
620965508880408576
620930206153461760
620862627225448448
620850820515557377
620723635964243969
620400697687851008
620273441573339136
620244510124150785
620161881207144449
620095350414647297
620063196238495744
619855051163484160
619816030177787904
619731179353284608
619523165337751553
619487978491125760
619339675325612032
619275386074042369
619194383053811712
619173694108233732
619144281480167424
619139732614705152
619124789286948864
619124373325250561
619123968725938176
619036980463185920
618956461985693696
618734605756141568
618586612763639808
618527840955281408
617858549104947200
617758223718830081
617747015032774656
617176754441056256
617010133713948672
616636442018770944
616616170024603648
616570975363043328
616335256807936000
615997417780039680
615880125951963136
615559612331335680
615497209358983168
615494827954802688
615108089235304448
615094168910733312
614807156685205504
614756611295281152
614601192463814656
614600465804828675
614447088487768064
613733984137293824
613468127184187392
613416987306405888
612938709055442944
612748641137242112
612710202866057216
612664349031841792
612591112180477952
612404636553756672
612401982146486272
612329484340043776
612318353441599488
612297859921260547
612030708249415680
611871540964118528
611639387839971329
611613053084397568
611556481171910656
611553298445938688
611487993958957056
611149588251066368
611102497726459905
610744412365279232
610466758621835264
610376121062977536
610359287995572224
609757887154532353
609730324512305152
609469070988181507
609418007358631936
609316401971654656
609130280478093312
608968546522177536
608758487372410880
608726247183659008
608655893941620736
608642679501680640
608542467277881344
608348019831009281
608334594438524929
608243381345611776
607582357735002112
607581352116887552
607565262611746816
607234860986597377
607189374787317760
607159104889626625
606894177557848064
606878118167617537
606457961217671168
606448866695778304
606407450066100224
606228315746246656
606226556944531456
606160732426805250
606146620821000193
606133242580877312
606130424516116480
605849326988849152
605847883460444162
605828510729388032
605734896066277377
605509165029703680
605489103589752833
605463034073632768
605384539557531648
605384273672196096
605382792525004800
605370947026227200
605350226229084160
605302340187471872
605193859883278337
605114111576260609
605098198986686464
604962230531198977
604944531918884864
604881810665971713
604799349944549376
604735275093372928
604634873932836865
604538504287268865
604404773337587713
604396587079634944
604394805678899201
604378711417294848
604292074297520129
604287495447121920
604286743228108800
604276599446491136
604222136362897408
604111422235217920
604051432430571520
603934663049146368
603850205709086720
603834452175884288
603702902876729344
603665611726663680
603621284245839872
603482102437384193
603367801131245568
603285911305072640
603000567829528576
602979786030456832
602963305901256704
602958919980421124
602949290491785216
602940057448747009
602925494670065664
602812347049189376
602635370820476928
602545239165956096
602524875807444992
602478924757630976
602421162740711424
602282482835292160
602281887760064513
602226442856988672
602195645995298816
602153151341469696
602044646244614144
602032849886322688
601873574207594496
601745693196193792
601088810047287296
601083948572213249
601050377061031936
601031613804326912
600962805018267649
600780503814381569
600456062983110656
600442303661133824
600396771462873089
600366315413577728
600222551088959488
600220412212031488
600185557269008385
600170601790201856
600091207205806080
599970175404867584
599911446340718592
599721852530008064
599258525500596224
599240549070184449
598514221702316032
598478723386572801
598185033724088320
598136656869330944
598099654908243968
598056710692016128
598041651001610240
597902623967023105
597789769720995843
597524202183327744
597136442175975424
597124690491113472
597106477095084033
596732193411440640
596666869576310785
596642670082129920
596415318953721856
596402410685341696
596361029560446977
596281209900130304
596070483432464385
596000642688262144
595881905452666880
595750629374631936
595729777555841028
595624285751873537
595503978022084608
595193201574735872
595174550360432640
595009227342610432
594993212374253569
594896571667472384
594849100497068032
594814767543492608
594758740806672384
594645189064556546
594637297888456704
594637068359180288
594628140099510272
594604530358095872
594442675761315840
594323190232588288
594315763479138304
594279250171166722
594275628075065345
594213306530955264
594170829816008704
594166422688903168
594149615441551360
594148501564608512
594112182322888704
594051752741199873
593792311827550208
593698690298191872
593569427196669952
593550562127384578
592966317768122368
592797732420595714
592769181646462976
592398039219834880
592313540096065536
592079617705549824
592078149489426433
592014687979577345
591739408111542272
591738496114655232
591731962022330368
591687474944057347
591643544030412800
591587859116720128
591578073356705793
591423656875687936
591382304716644352
591376007518625793
591317899203244034
591252767165042688
591224698018537472
591221662386888704
590978663971172352
590898550093000705
590802603988123649
590775126888710144
590759513927643136
590752959115481089
590479415437590528
590344710956326912
590205786237837312
590169083674554368
590136990403792896
590136158547501057
589941247009280000
589926125318574080
589913849815572480
589892285145419776
589573485070016513
589565348183154688
589536027615825920
589511966302937088
589201657105252352
589195623125094400
589184764948578304
589132252120031232
589046633091981312
589013554231148545
588782260997992448
588432899805810688
588425271944073216
588270369888428032
588075761023737857
588031285899165696
588012475913785346
588007828557844481
588003077409611776
587941465583673344
587928174736052224
587925802253164545
587865829636620288
587860151064997888
587753574677012480
587730852265779201
587359724124930049
587341543683530753
587239032444321792
587222187544813568
587201309020913664
587057610173485057
587054553217904641
587051560829452288
587051200606003200
587045568540729344
587018092284350465
586978469659062272
586943064888975360
586887078799142912
586597515723542528
586206701210177537
585518950060023809
585485345694883841
585396483962249218
585393172844523520
585306009914191873
585076186654605314
584828084857233408
584668468932382720
584591595183407104
584516227587899392
584505173793452033
584070562873499648
583977937801760768
583710576838369280
583404969430282240
583284463632715777
583244967700750336
583038732292472832
583036966100295680
583008926502928385
582996911310811136
582984565574230016
582923968262348801
582897571909275648
582697248137568256
582177967142514689
582069000521273345
582058624077430785
582027988599980032
581909130379730944
581895013824638976
581884320392036352
581847374408077312
581833267919355904
581793353391611904
581155257146843136
581025722883391489
581017243158331394
581005835565842432
580863870106996738
580432482555805697
580157267485523968
580115025345544192
579995517179994112
579942732577312769
579775696756731905
579759054530195456
579681706141216770
579677461006401537
579621105247383552
579595394293841920
579444997025562626
579403187389616128
579371559950893056
579320449563299840
579320425550884864
579260367974633472
579244358953742336
579237475857608704
579131685289226240
579053048674144257
579052297789026304
578996991331545088
578891543890829312
578709501982994432
578693403250061312
578298463818940416
578266820404252672
577941981265002497
577772283915313152
577512661056925696
577511477667622912
577028516459323393
576998545581993984
576914944886718464
576885118796705792
576575364794884096
576472638245199873
576453898682163200
576449787890925569
576406277787619328
576381539199643648
576318169687658496
576145626234269696
576136065645469696
576132543583526912
576043855826563073
575996159203766272
575797754783465473
575406978949890049
575403000509919234
575308982899843072
575270550873858049
575175084295352320
574893020304252928
574875276439588865
574866093203943424
574669538438086658
574650206739898369
574640601079156736
574635646632992768
574342887992877056
574309753280708608
574282158161821696
574239440132005888
574238516168761344
573953371239022593
573941451760992257
573927481222242304
573906098769494016
573560190341148674
573450755488763905
573449453631340544
573429893188489216
573429071700443136
573255792759074816
573131224887234560
573130549063245824
573125472281882625
572887290353229824
572856607454863360
572855907970756608
572823518179672065
572814396465889282
572560220536246274
572512608806256640
572434001690017795
571773025697308672
571735380313165824
571723837643096064
571676273979891712
571672565204299776
571615966423064576
571416528647798784
571370192556716033
571336730906906624
571292967232802816
571219584168042496
571086131808350209
570884563653697539
570712056388841474
570610283766538240
570609914734891008
570503748377812992
570379763837112320
570314565784887296
570314199626338304
570291156237590530
570247931204235264
570144594043600896
570131087021772800
570029503357042688
570010414274240512
569972453134315520
569457898847379456
569409891053350912
569265157794242560
568961152471969792
568892394088886273
568701842215055360
568612590600847360
568530583833292801
568529044922191873
568519571394572288
567780785181458435
567763418338566144
567743670003466241
567729969502359552
567715931997372416
567714362685915136
567710474792624128
567697419220320256
567664182351261701
567601305724534785
567413779512954880
567386921278926848
567384236085501952
567354300234350593
567305552213323776
567269421987553280
567238978026209281
567061411470540801
567002565003735040
566901701253562368
566896232074080256
566823021646995457
566822545551527936
566762531910205442
566761674229964800
566671047081361408
566596688333537280
566568992681521153
566508203111104512
566371357680992256
566338954212171776
566274474006552579
566235384016044033
566209479235350528
565997537564557313
565991116072574976
565949566231408640
565913221396430848
565908752948527104
565879130768830465
565859479322120192
565801177577971712
565777346771582976
565652704740278273
565640341844676608
565639524022489088
565637567052541952
565636156449357826
565633876119531520
565633590298693632
565630593149730816
565630124700471296
565621535793500162
565581867257450496
565574380462542848
565510066770817025
565504582798032896
565502452615897088
565446836895641600
565437090058756098
565340688825733121
565282404588593154
565252745117327361
565245835882291203
565224145328566273
565220094985658369
565214386013618176
565150767414525952
565100445824454656
564940453091352578
564939063539810304
564859329442889728
564795583677075456
564707052145348608
564683101356720128
564679606708760576
564622121595572224
564611987620265985
564570773239902208
564563022023503874
564559303152254976
564457403878367237
564453717227745280
564446313635643392
564440199330295808
564421038260637697
564246891207327744
564188182741520386
564182562281906177
564179602005049344
564156142340014080
564128445672992768
564103595592024064
563863494026854400
563837138291392513
563803812012765184
563770321958744064
563760509036814337
563755662996701185
563755656671674368
563731259814600707
563717680243671043
563686087248609281
563494129645400064
563490625279258624
563426227441377281
563423944343289856
563418207915360256
563400926388822016
563304813216399360
563166050737352704
563119634149568512
563087210879393792
563038475252158464
562998116732108802
562967561747570690
562910618702065664
562736130354061313
562582304212926464
562446654012657664
562398703278112770
562361548006785024
562266113468538881
562211706806353920
562190050918551553
561973317511708672
561838478997323776
561700138469818368
561674489876852736
561355713298313216
561197276597858305
560919583712743425
560905402016366593
560825739197820929
560792658856390656
560784485890154496
560765159405527040
560717119244230656
560690449795788802
560579013488676864
560435636147343360
560420545767157760
560376020164165632
560339002583416832
560169814241472512
560120241339240448
559955203810926592
559870248405721088
559825742091923457
559822023313338368
559821189539848193
559785566301339650
559655480021512192
559463445750628353
559402305318309889
559290062618497024
559272962571128832
559272844098813953
559145828154372096
559105926624722946
559078206108876801
559075849488433152
559059106871255040
558800985318256640
558728420772024321
558683960906383360
558672795023179776
558645457292132352
558645294255341569
558635752104656897
558629390486368256
558422638297489409
558404567952797697
558404362159263746
558347839764692992
558043016930553858
558039016722165762
557998249437843456
557991169012277250
557990156641521664
557960325816139776
557947086420070401
557929547254202368
557929170018131968
557920288919547904
557916674859745284
557912254029770752
557903125672378368
557890535915261952
557877694227288064
557719382567452674
557665210392395776
557651041798590464
557647756681289728
557594393696165888
557287485865480195
557214201354395649
557086380191645696
557085673262694400
556908589370331137
556794645360152576
556722721099640832
556632039672524800
556584751515975680
556579194222944256
556577345922809856
556574296248578048
556573387557191681
556568429738872832
556564876009963520
556564294658441217
556564016752230400
556562767126482944
556561789048328193
556560872504832000
556500591024029696
556461975912579073
556448366025261056
556430757531770881
556428209567186944
556399861760024576
556244067009691648
556207664167141376
556197238146617344
556141463495774208
556088078201552897
556068358488358912
555924289023905792
555918698171883520
555856788248363009
555847807564009472
555843624496541697
555830819710062596
555789139073724416
555769050299899904
555769028761772033
555658164646195201
555640776173293568
555554380800598016
555552772394086400
555527652518690816
555498955719868416
555491533211062272
555416851384397824
555120948664631296
555119348063670272
555119317134897152
555116178302316544
555094463169966081
555087110928334848
555025702819737600
554933410800467968
554930292616871936
554772817871257601
554772200763707393
554770594919886848
554704709484019712
554695954415505411
554651608035102722
554647876413165568
554424748659466243
554405884156448768
554379122194259968
554377239333462016
554341876141420545
554328316820602880
554320612735586304
554291732498886656
554282777034887168
554233781243351040
554194282634964994
554189680275898369
554097376680738816
554091814568067072
554030436746559488
554026323853598720
554024417131778048
554019141511041024
554009695946817536
554008000734982144
553955082090606592
553863251227082752
553672586513874944
553659486619987968
553638673728962560
553618691754323968
553465233222926336
553438648268767232
553390373553573889
553363405298745345
553310841618317312
553302628755845120
553280250936037376
553266537227120640
553244455042822145
553242581782790144
553201822119108609
553192105674559488
553186466281844736
553129295368187905
553112060536827904
553074044929449984
553061846081896449
553008327652024320
552985578925731840
552981090273882113
552969176743419905
552955372869537794
552952010430218240
552949536776548353
552927511169220610
552926375334936578
552922307686318081
552911961881866240
552911068344111104
552910551240949760
552872528600133633
552872103792611328
552849922492760064
552830951273672704
552824600288296960
552819945432952833
552806610490646528
552777863142055936
552776086250332160
552766633375444992
552565771696877568
552529801769402368
552374120818933763
552219044305465346
552203261801795585
552203195037257728
552198747548303360
552106963199619073
552097837438087168
552069320675983360
552058373123080192
552027852002971649
552019149078417408
551878725193961472
551868203484602369
551863007056506880
551860638214283264
551853134335995905
551780493918994432
551752231398428672
551750624422158336
551693503223570432
551689260089495552
551677378620293120
551609865576407040
551576199982751745
551519866193444865
551519108664414208
551501869047357442
551500232438341634
551494848315150338
551485040547205120
551477660829118465
551445472620326913
551425530541912065
551398968589307904
551385980251697152
551381455629471744
551359876497440768
551314415568818176
551199597671251970
551186854205468673
551168546651521025
551154903826309120
551146602510184449
551136539309518849
551135884771622912
551119301328273408
551110755056369664
551085596471730176
551074916783902721
550945980917358592
550856141648179200
550805153922973697
550804964151685122
550797337170550784
550786038013362177
550773228957106176
550751545957294080
550749398830153728
550723817459712000
550717824088690689
550703525911887872
550696954880327680
550682937394737152
550681227079208960
550672085790760960
550656655617437696
550617390179188738
550607465784803328
550463475823046657
550428057841192961
550417020949655553
550413267865468928
550411268591747072
550409750245302273
550383659732467712
550366622574469121
550347293992693760
550290397503959041
550275833257279488
550215921793773569
550070507304157184
550065954148077569
550048639897587712
550013316744359936
549947070837432320
549871206577741824
549749278504415232
549703053742718976
549702180065001473
549699470272000000
549687373874085888
549656204377878529
549651580958834689
549646024512663552
549619395312775168
549584718392721408
549550102788861952
549545717845745665
549390075700981761
549359547328888833
549351181710262272
549327344604020736
549321949705674752
549316880927035393
549306542840094720
549300174561247234
549292088387719168
549270753468637184
549248810493681664
549248593216155650
549247766489497601
549246737995816960
549246105721266177
549245842776158208
549243199924228096
549237533646004224
549159640777236480
549142743021518848
548919094809206785
548915103991857152
548912068070735872
548898172328620032
548895475727101952
548893070004342784
548892327356690432
548892234138279936
548875488832532480
548845165994319872
548843958848479232
548821318666551296
548785169411624960
548776286244864002
548736275550052352
548615557118189569
548614916933185536
548596371444342786
548594690044755968
548593523763974144
548579072188907520
548568938247122944
548556841383645184
548539767148007424
548514051803070465
548512170581823488
548506829157056512
548497229406031872
548496425026617345
548487286124732416
548462048200634368
548428752376823808
548282083794501632
548261880293126144
548235974028066817
548191613831614465
548184372747464705
548164543730688001
548145017328369664
548133277274738689
548088358459965440
548078936173707264
547919701746397184
547873954702974977
547861538665922560
547822826464739329
547813383962382336
547801032332705792
547789949794516992
547777886149967872
547776244541304832
547771486065676288
547763578473033728
547735039438770176
547724744343429121
547718515294089217
547694289153966080
547527187973562369
547486308944191488
547486236366364673
547485776477700097
547481084959944704
547469219043213312
547466815795134465
547459180219871244
547444970974879744
547312786469298176
547300651215376385
547160074675036161
547143058803159041
547125716681494530
547123527053492225
547116913621729280
547113313952628737
547112658303188992
547112572592586752
547108434005741568
547091130836586496
547086868102529025
547085597165518848
547084722309193730
547073537144782848
547065766739447808
547063792010403840
547060077497434112
547059041726636032
547007150774444034
546923174307594240
546877789954007040
546784373165813761
546731102296346624
546721764647374849
546721170289340417
546720839929184256
546711984742629376
546709644123840513
546704906175119361
546696662698430464
546692422018023425
546675157021233152
546674284803129344
546651525271912448
546444175198015488
546391740455059456
546330799923294209
546297281641975808
546264336764006400
546214882744348674
546210782305083393
546128283033948160
546110146137825280
546009783518916608
546004288687079424
546003825715204096
546001855776436224
545926631114944513
545737593699446784
545692563291009026
545675792005754880
545604905197895680
545535599797870592
545398920021807104
545398637434785792
545350427131138048
545307514158735360
545301046570917888
545255048872488961
545149756738387969
544871393566158848
544812552505819137
544587459527733248
544272813751033856
544268653328601088
544228063945695232
544207337230450688
544205518823522304
544205332256665601
544193963285295104
544181844015869953
544158010181165056
544140439969087489
544124049073651712
544109456737710080
544106490857271296
544024032245723136
543882316070658048
543842894260740096
543842479775420416
543837150085939200
543830678153199617
543530302145318912
543484995458043904
543453993641717760
543415498135064577
543415272498290690
543275993692389376
543202681515307008
543192744479707136
543153684658794498
543118169339351040
543082388625297408
543048254712471552
543032935352655872
542830815693262848
542800209441734656
542793060707762176
542770253135368192
542763214841589761
542724805024571392
542722918523105281
542717728889790464
542640230411812864
542476106927198208
542428872331890688
542423418893647872
542415765219987457
542414197561114625
542411079297421312
542407602320060416
542404181705756672
542402105739194368
542398523056988160
542346167871614976
542276831349854209
542269729860501504
542260218407952384
542125178663473153
542117378675339264
542094763097612290
542090855298121728
542067863398645761
542066507669577728
542065618783334401
542065064485081090
542064333971529729
542063328231956480
542062910877745152
542054041849978883
542044612421238784
542023609435574272
542012262139953153
541849781644304384
541736290937761793
541721612073328640
541706227085230081
541703792061079552
541698291621449730
541666357151285248
541659128515813376
541587014211350528
541577985208619008
541558955089362944
541557360398172160
541403328237039616
541351550334291968
541350352633602049
541319382434349056
541306500309057536
541290574381608960
541264413874225152
541264324111896577
541201404220944384
541161473381498881
541148596629176320
541026295312678912
541025948439969794
541024534951129088
540993727557545985
540977571853524993
540975287182557184
540967957036556288
540952403433234432
540943576017141760
540931542324117505
540928545481310212
540913217837740033
540877379309412352
540858108088954880
540841072822611968
540770275072438272
540655998390636544
540654722760208384
540647973290770432
540632910584627201
540632226657239040
540618773053845504
540618168377802752
540598632790380544
540593881373757440
540590454191190018
540590288105115648
540586880874864641
540576558164226048
540540407063785473
540507806227763200
540484240572706816
540473409835393024
540437334949658624
540419336947900416
540415984860164096
540358230891704320
540278865298743297
540256919534186496
540245128875880448
540229840344190976
540224604347056128
540221059304525824
540201888533479424
540129680490512384
540044255113535488
540037797990920192
539978096007729152
539949942480318464
539928046883450880
539906225044201472
539901901702463489
539896120659673088
539888726248148992
539886441304961024
539787099508322305
539747590611673088
539741078921175040
539739119824683008
539737660625911808
539683055183466496
539583535829356544
539501523865460736
539491889666617344
539487803508154368
539466062723837954
539382195908259841
539374698702721024
539354846340849665
539346450942296064
539329252681068544
539237547365650432
539181370552369153
539160590972112898
539143526479831040
539101484974374912
539086630708346880
539065290752266241
539027725781331968
539026036361797632
539012869191643136
538979514886676481
538962325127323648
538957593432322048
538894823600963584
538837222426816512
538822012043792384
538821794921459712
538806869813231616
538802091670896640
538800565841428480
538772093174050816
538756074921525250
538754498718879744
538752435380953089
538750616924090368
538749714351796225
538748244474748928
538748230079897600
538740270607523840
538715343670501376
538713438022017025
538712678085455872
538695293366439936
538694505206386688
538679288753836032
538645781469601792
538640929192968192
538640258423062528
538630184845729792
538620723817103360
538478687713492992
538453370684858368
538452976604827648
538433434038075392
538339151406718976
538333098153635841
538298390615166977
538297419839340544
538295006318956547
538282450481582080
538252414105968641
538130566991056896
538089314685845506
538054918285037568
538036115731927040
538028776312303616
537867410590957568
537769285176033280
537722113545605121
537712161121120257
537674332169048064
537671616965390336
537576659420192770
537512759156813824
537489288074502145
537477269607174144
537456688878874624
537366150846615553
537318599787294720
537248773135945728
537186969215070208
537173213420462080
537027368918212608
536926396619448320
536911503644184576
536854937708535808
536850753621872640
536845019328823296
536829875718725632
536822930223927296
536813033834950656
536794852483407872
536761125434851328
536723394663038976
536685665589936128
536664899678502912
536652056581656576
536613652330455040
536598248174403584
536590050029744129
536579371671515136
536546991074193408
536505014391693312
536497871320006658
536490976085557250
536455492688965632
536380369990586369
536304892298551296
536289839868805120
536270456446517248
536244488692576256
536171802595454976
536056158906486784
535929932170682369
535900449031725056
535840652517703681
535837543481495552
535830771555381248
535813610061443072
535807905564737536
535801776713519104
535779126402355200
535709573446131713
535617243275878400
535553525346881537
535544517227577345
535531946843979777
535529260484939776
535518123131408384
535458205204508672
535397290970587137
535393573051838464
535344523682275328
535249683074277378
535186819164676096
535166738485497858
535156253874720769
535147513196847104
535145862033596416
535136894905229315
535134890568990721
535115527124189184
535077898051682304
535057638934192128
535023445139259392
535022533079470080
534852235449352192
534795530421796865
534663582437634048
534659767239987201
534643212854775808
534598929367982080
534545905584594944
534481152351158272
534466124013142017
534450640005902336
534437675894579200
534414165017108480
534405573266386945
534363292635267072
534332425506402304
534264800864645120
534071997308108800
534061464244338689
534056941971320832
534015862823714817
533982972517826561
533912347421585409
533764905514848256
533749989806059521
533728947037814784
533725877088288771
533723750391611392
533673517200723968
533651406147059712
533635491737116672
533569366697472000
533560078134439936
533558192048181248
533391805375860736
533346844529934336
533303462646534144
533281681273548800
533266788700934144
533255660779999232
533220442581241856
533013696449376256
532866461786968064
532668170122047490
532648561528152064
532639604210692097
532615503102353408
532534207047041026
532473015179964416
532409897166462976
532268996700016640
532256269663735808
532211764126314496
532138993841078273
531885228785401856
531776745935216640
531768397735133184
531720211020648448
531633710345764864
531592841366364160
531475797341904897
531435047816286209
531417485246226432
531389171450273792
531287589371019264
531233368353300480
531206498375192577
531204842476548097
531197496077594626
531197042727866369
531185364955041792
531141222643937280
